inf 0.0 1.5 inf 1.0 1.8 0.3333333333333333 inf 1.0 0.5714285714285714
3.5 0.6666666666666666 4.0 2.6666666666666665 0.3333333333333333 3.0 2.3333333333333335 1.75 8.0 0.5
0.5555555555555556 9.0 2.0 1.5 0.5 1.5 0.0 inf inf 0.0
inf 0.5 2.6666666666666665 0.3333333333333333 0.375 0.375 0.375 3.5 0.0 0.5
inf 1.125 0.0 1.3333333333333333 0.875 1.5 0.25 1.75 0.6666666666666666 nan
0.0 1.3333333333333333 0.8333333333333334 0.5555555555555556 0.75 inf 0.5 0.2 0.4444444444444444 inf
0.8888888888888888 0.16666666666666666 0.2 2.3333333333333335 9.0 1.125 inf 1.5 0.7777777777777778 0.3333333333333333
0.0 0.42857142857142855 0.625 1.125 0.4444444444444444 2.0 0.75 0.6666666666666666 0.6666666666666666 0.3333333333333333
4.0 0.6666666666666666 1.0 0.5 1.0 3.5 1.6666666666666667 0.8333333333333334 0.0 0.16666666666666666
1.0 1.2857142857142858 inf 0.0 1.25 0.0 0.2 0.25 2.0 0.6666666666666666
